# Time	[boundEGFReceptor]	[boundNGFReceptor]	[SosActive]	[C3GActive]	[AktActive]	[P90RskActive]	[ErkActive]
2	82651.875	1089.6449	122471.73	129470.945	1851.6046	377.47644	215510.28
5	79407.77	3032.6143	117753.03	120279.42	4554.2236	3685.5576	532407.4
10	74589.43	4808.1025	93222.38	122644.74	9431.677	11106.485	556084.25
15	81388.86	5807.736	91592.38	118953.26	15266.209	18804.49	543409.2
20	77849.15	6694.4775	70406.17	114008.52	19254.61	23537.725	498836.38
25	75780.59	8147.3545	64129.477	115169.19	23477.428	30268.357	520556.56
30	78909.69	7266.7334	57954.52	120537.59	26572.113	34337.656	444051.3
40	81435.27	8770.635	50360.027	124886.61	36431.125	40808.055	440954.47
50	79170.86	8933.36	44174.406	119681.36	43444.14	52912.56	444390.2
